0.000000	1.000000
1.144260	2.000000
1.144260	3.000000
2.056110	4.000000
2.068110	5.000000
2.080110	6.000000
2.573000	8.000000
3.016930	9.000000
3.028930	10.000000
3.423420	5.000000
3.447420	6.000000
3.459420	7.000000
3.471420	8.000000
3.853900	5.000000
4.690880	5.200000
4.714880	5.400000
4.726880	5.600000
4.738880	5.800000
4.750880	6.000000
5.109370	6.167000
5.133370	6.333000
5.145370	6.500000
5.157370	6.667000
5.169370	6.833000
5.181370	7.000000
5.527860	7.143000
5.551860	7.286000
5.563860	7.429000
5.575860	7.571000
5.587860	7.714000
5.599860	7.857000
5.611860	8.000000
5.946340	8.125000
5.970340	8.250000
5.982340	8.375000
5.994340	8.500000
6.006340	8.625000
6.018340	8.750000
6.030340	8.875000
6.042340	9.000000
6.364830	9.111000
6.388830	9.222000
6.400830	9.333000
6.412830	9.444000
6.424830	9.556000
6.436830	9.667000
6.448830	9.778000
6.460830	9.889000
6.472830	10.000000
6.783320	10.100000
6.807320	10.200000
6.819320	10.300000
6.831320	10.400000
6.843320	10.500000
6.855320	10.600000
6.867320	10.700000
6.879320	10.800000
6.891320	10.900000
7.201810	10.992000
7.213810	11.083000
7.225810	11.175000
7.237810	11.267000
7.249810	11.359000
7.261810	11.450000
7.273810	11.542000
7.285810	11.634000
7.297810	11.726000
7.309810	11.817000
7.620300	11.902000
7.632300	11.987000
7.644300	12.071000
7.656300	12.156000
7.668300	12.241000
7.680300	12.325000
7.692300	12.410000
7.704300	12.494000
7.716300	12.579000
7.728300	12.664000
7.740300	12.748000
8.038780	12.827000
8.050780	12.905000
8.630780	1.000000
8.630780	2.000000
9.550780	1.000000
9.550780	2.000000
